4.99324e-04 0.00000e+00
5.15000e-04 5.40465e+21
5.31168e-04 7.12338e+21
5.47844e-04 6.90589e+21
5.65043e-04 6.31925e+21
5.82783e-04 5.71416e+21
6.01079e-04 5.09011e+21
6.19949e-04 4.50180e+21
6.39412e-04 4.00729e+21
6.59486e-04 3.49726e+21
6.80191e-04 2.97120e+21
7.01545e-04 2.42865e+21
7.23569e-04 2.10151e+21
7.46285e-04 1.81624e+21
7.69715e-04 1.52201e+21
7.93879e-04 1.21856e+21
8.18803e-04 9.65833e+20
8.44509e-04 8.44937e+20
8.71022e-04 7.20245e+20
8.98367e-04 5.91641e+20
9.26571e-04 4.58996e+20
9.55660e-04 3.88876e+20
9.85662e-04 3.34549e+20
1.01661e-03 2.78510e+20
1.04852e-03 2.20728e+20
1.08144e-03 1.70373e+20
1.11539e-03 1.43151e+20
1.15041e-03 1.15072e+20
1.18652e-03 8.61182e+19
1.22378e-03 5.62426e+19
1.26219e-03 4.28689e+19
1.30182e-03 3.46253e+19
1.34269e-03 2.61237e+19
1.38484e-03 1.73559e+19
1.42832e-03 1.01339e+19
1.47316e-03 8.34172e+18
1.51941e-03 6.49314e+18
1.56711e-03 4.58660e+18
1.61631e-03 2.62011e+18
1.66705e-03 1.80378e+18
1.71939e-03 1.41213e+18
1.77337e-03 1.00820e+18
1.82904e-03 5.91632e+17
1.88646e-03 2.46155e+17
1.94569e-03 1.97367e+17
2.00677e-03 1.47056e+17
2.06977e-03 9.51633e+16
2.13475e-03 4.16396e+16
2.20177e-03 2.19219e+16
2.27090e-03 1.68053e+16
2.34219e-03 1.15289e+16
2.41572e-03 6.08663e+15
2.49156e-03 1.48747e+15
2.56978e-03 1.17457e+15
2.65046e-03 8.51844e+14
2.73367e-03 5.18993e+14
2.81949e-03 1.75701e+14
2.90801e-03 5.30821e+13
2.99930e-03 4.02470e+13
3.09347e-03 2.70071e+13
3.19058e-03 1.33538e+13
3.29075e-03 1.49758e+12
3.39406e-03 1.17569e+12
3.50062e-03 8.43674e+11
3.61052e-03 5.01251e+11
3.72387e-03 1.48079e+11
3.84077e-03 1.74381e+10
3.96135e-03 1.31616e+10
4.08572e-03 0.00000e+00
4.21399e-03 0.00000e+00
4.34628e-03 0.00000e+00
4.48273e-03 0.00000e+00
4.62346e-03 0.00000e+00
4.76862e-03 0.00000e+00
4.91832e-03 0.00000e+00
5.07273e-03 0.00000e+00
5.23199e-03 0.00000e+00
5.39624e-03 0.00000e+00
5.56566e-03 0.00000e+00
5.74039e-03 0.00000e+00
5.92060e-03 0.00000e+00
6.10648e-03 0.00000e+00
6.29819e-03 0.00000e+00
6.49591e-03 0.00000e+00
6.69985e-03 0.00000e+00
6.91019e-03 0.00000e+00
7.12713e-03 0.00000e+00
7.35088e-03 0.00000e+00
7.58166e-03 0.00000e+00
7.81968e-03 0.00000e+00
8.06517e-03 0.00000e+00
8.31838e-03 0.00000e+00
8.57953e-03 0.00000e+00
8.84888e-03 0.00000e+00
9.12668e-03 0.00000e+00
9.41321e-03 0.00000e+00
9.70873e-03 0.00000e+00
1.00135e-02 0.00000e+00
1.03279e-02 0.00000e+00
1.06521e-02 0.00000e+00
1.09866e-02 0.00000e+00
1.13315e-02 0.00000e+00
1.16872e-02 0.00000e+00
1.20541e-02 0.00000e+00
1.24326e-02 0.00000e+00
1.28229e-02 0.00000e+00
1.32254e-02 0.00000e+00
1.36407e-02 0.00000e+00
1.40689e-02 0.00000e+00
1.45106e-02 0.00000e+00
1.49661e-02 0.00000e+00
1.54360e-02 0.00000e+00
1.59206e-02 0.00000e+00
1.64204e-02 0.00000e+00
1.69359e-02 0.00000e+00
1.74676e-02 0.00000e+00
1.80160e-02 0.00000e+00
1.85816e-02 0.00000e+00
1.91650e-02 0.00000e+00
1.97666e-02 0.00000e+00
2.03872e-02 0.00000e+00
2.10272e-02 0.00000e+00
2.16874e-02 0.00000e+00
2.23682e-02 0.00000e+00
2.30705e-02 0.00000e+00
2.37948e-02 0.00000e+00
2.45418e-02 0.00000e+00
2.53123e-02 0.00000e+00
2.61069e-02 0.00000e+00
2.69265e-02 0.00000e+00
2.77719e-02 0.00000e+00
2.86438e-02 0.00000e+00
2.95430e-02 0.00000e+00
3.04705e-02 0.00000e+00
3.14271e-02 0.00000e+00
3.24138e-02 0.00000e+00
3.34314e-02 0.00000e+00
3.44809e-02 0.00000e+00
3.55634e-02 0.00000e+00
3.66799e-02 0.00000e+00
3.78315e-02 0.00000e+00
3.90192e-02 0.00000e+00
4.02442e-02 0.00000e+00
4.15076e-02 0.00000e+00
4.28107e-02 0.00000e+00
4.41547e-02 0.00000e+00
4.55409e-02 0.00000e+00
4.69707e-02 0.00000e+00
4.84453e-02 0.00000e+00
4.99662e-02 0.00000e+00
5.15349e-02 0.00000e+00
5.31528e-02 0.00000e+00
5.48215e-02 0.00000e+00
5.65426e-02 0.00000e+00
5.83177e-02 0.00000e+00
6.01485e-02 0.00000e+00
6.20369e-02 0.00000e+00
6.39845e-02 0.00000e+00
6.59932e-02 0.00000e+00
6.80651e-02 0.00000e+00
7.02019e-02 0.00000e+00
7.24059e-02 0.00000e+00
7.46790e-02 0.00000e+00
7.70235e-02 0.00000e+00
7.94416e-02 0.00000e+00
8.19357e-02 0.00000e+00
8.45080e-02 0.00000e+00
8.71611e-02 0.00000e+00
8.98974e-02 0.00000e+00
9.27197e-02 0.00000e+00
9.56306e-02 0.00000e+00
9.86329e-02 0.00000e+00
1.01729e-01 0.00000e+00
1.04923e-01 0.00000e+00
1.08217e-01 0.00000e+00
1.11615e-01 0.00000e+00
1.15119e-01 0.00000e+00
1.18733e-01 0.00000e+00
1.22460e-01 0.00000e+00
1.26305e-01 0.00000e+00
1.30270e-01 0.00000e+00
1.34360e-01 0.00000e+00
1.38578e-01 0.00000e+00
1.42929e-01 0.00000e+00
1.47416e-01 0.00000e+00
1.52044e-01 0.00000e+00
1.56817e-01 0.00000e+00
1.61740e-01 0.00000e+00
1.66818e-01 0.00000e+00
1.72055e-01 0.00000e+00
1.77457e-01 0.00000e+00
1.83028e-01 0.00000e+00
1.88774e-01 0.00000e+00
1.94701e-01 0.00000e+00
2.00813e-01 0.00000e+00
2.07117e-01 0.00000e+00
2.13620e-01 0.00000e+00
2.20326e-01 0.00000e+00
2.27243e-01 0.00000e+00
2.34377e-01 0.00000e+00
2.41736e-01 0.00000e+00
2.49325e-01 0.00000e+00
2.57152e-01 0.00000e+00
2.65225e-01 0.00000e+00
2.73552e-01 0.00000e+00
2.82140e-01 0.00000e+00
2.90998e-01 0.00000e+00
3.00133e-01 0.00000e+00
3.09556e-01 0.00000e+00
3.19274e-01 0.00000e+00
3.29298e-01 0.00000e+00
3.39636e-01 0.00000e+00
3.50298e-01 0.00000e+00
3.61296e-01 0.00000e+00
3.72638e-01 0.00000e+00
3.84337e-01 0.00000e+00
3.96403e-01 0.00000e+00
4.08848e-01 0.00000e+00
4.21684e-01 0.00000e+00
4.34922e-01 0.00000e+00
4.48576e-01 0.00000e+00
4.62659e-01 0.00000e+00
4.77184e-01 0.00000e+00
4.92165e-01 0.00000e+00
5.07616e-01 0.00000e+00
5.23553e-01 0.00000e+00
5.39989e-01 0.00000e+00
5.56942e-01 0.00000e+00
5.74427e-01 0.00000e+00
5.92461e-01 0.00000e+00
6.11061e-01 0.00000e+00
6.30245e-01 0.00000e+00
6.50031e-01 0.00000e+00
6.70438e-01 0.00000e+00
6.91486e-01 0.00000e+00
7.13195e-01 0.00000e+00
7.35585e-01 0.00000e+00
7.58679e-01 0.00000e+00
7.82497e-01 0.00000e+00
8.07063e-01 0.00000e+00
8.32400e-01 0.00000e+00
8.58533e-01 0.00000e+00
8.85486e-01 0.00000e+00
9.13286e-01 0.00000e+00
9.41958e-01 0.00000e+00
9.71530e-01 0.00000e+00
1.00203e+00 0.00000e+00
1.03349e+00 0.00000e+00
1.06593e+00 0.00000e+00
1.09940e+00 0.00000e+00
1.13391e+00 0.00000e+00
1.16951e+00 0.00000e+00
1.20623e+00 0.00000e+00
1.24410e+00 0.00000e+00
1.28316e+00 0.00000e+00
1.32344e+00 0.00000e+00
1.36499e+00 0.00000e+00
1.40784e+00 0.00000e+00
1.45204e+00 0.00000e+00
1.49763e+00 0.00000e+00
1.54464e+00 0.00000e+00
1.59314e+00 0.00000e+00
1.64315e+00 0.00000e+00
1.69474e+00 0.00000e+00
1.74794e+00 0.00000e+00
1.80282e+00 0.00000e+00
1.85942e+00 0.00000e+00
1.91779e+00 0.00000e+00
1.97800e+00 0.00000e+00
2.04010e+00 0.00000e+00
2.10415e+00 0.00000e+00
2.17020e+00 0.00000e+00
2.23834e+00 0.00000e+00
2.30861e+00 0.00000e+00
2.38109e+00 0.00000e+00
2.45584e+00 0.00000e+00
2.53294e+00 0.00000e+00
2.61246e+00 0.00000e+00
2.69448e+00 0.00000e+00
2.77907e+00 0.00000e+00
2.86631e+00 0.00000e+00
2.95630e+00 0.00000e+00
3.04911e+00 0.00000e+00
3.14484e+00 0.00000e+00
3.24357e+00 0.00000e+00
3.34540e+00 0.00000e+00
3.45042e+00 0.00000e+00
3.55875e+00 0.00000e+00
3.67047e+00 0.00000e+00
3.78571e+00 0.00000e+00
3.90456e+00 0.00000e+00
4.02714e+00 0.00000e+00
4.15357e+00 0.00000e+00
4.28397e+00 0.00000e+00
4.41846e+00 0.00000e+00
4.55717e+00 0.00000e+00
4.70024e+00 0.00000e+00
4.84781e+00 0.00000e+00
5.00000e+00 0.00000e+00
