4.99324e-04 0.00000e+00
5.15000e-04 3.17829e+18
5.31168e-04 4.19453e+18
5.47844e-04 4.59381e+18
5.65043e-04 4.88721e+18
5.82783e-04 5.18954e+18
6.01079e-04 5.50117e+18
6.19949e-04 5.83734e+18
6.39412e-04 6.21412e+18
6.59486e-04 6.60276e+18
6.80191e-04 7.00367e+18
7.01545e-04 7.41722e+18
7.23569e-04 7.89185e+18
7.46285e-04 8.39228e+18
7.69715e-04 8.90857e+18
7.93879e-04 9.44119e+18
8.18803e-04 1.00139e+19
8.44509e-04 1.06586e+19
8.71022e-04 1.13236e+19
8.98367e-04 1.20098e+19
9.26571e-04 1.27178e+19
9.55660e-04 1.35276e+19
9.85662e-04 1.43845e+19
1.01661e-03 1.52686e+19
1.04852e-03 1.61806e+19
1.08144e-03 1.71578e+19
1.11539e-03 1.82618e+19
1.15041e-03 1.94010e+19
1.18652e-03 2.05761e+19
1.22378e-03 2.17890e+19
1.26219e-03 2.31322e+19
1.30182e-03 2.45479e+19
1.34269e-03 2.60084e+19
1.38484e-03 2.75152e+19
1.42832e-03 2.91448e+19
1.47316e-03 3.10577e+19
1.51941e-03 3.30315e+19
1.56711e-03 3.50678e+19
1.61631e-03 3.71689e+19
1.66705e-03 3.95560e+19
1.71939e-03 4.21007e+19
1.77337e-03 4.47261e+19
1.82904e-03 4.74346e+19
1.88646e-03 5.03152e+19
1.94569e-03 5.36021e+19
2.00677e-03 5.69928e+19
2.06977e-03 6.04912e+19
2.13475e-03 6.41008e+19
2.20177e-03 6.81790e+19
2.27090e-03 7.25387e+19
2.34219e-03 7.70362e+19
2.41572e-03 8.16766e+19
2.49156e-03 8.65885e+19
2.56978e-03 9.21983e+19
2.65046e-03 9.79864e+19
2.73367e-03 1.03958e+20
2.81949e-03 1.10119e+20
2.90801e-03 1.17043e+20
2.99930e-03 1.24464e+20
3.09347e-03 1.32121e+20
3.19058e-03 1.40021e+20
3.29075e-03 1.48345e+20
3.39406e-03 1.57857e+20
3.50062e-03 1.67672e+20
3.61052e-03 1.77797e+20
3.72387e-03 1.88244e+20
3.84077e-03 1.99909e+20
3.96135e-03 2.12439e+20
4.08572e-03 2.25368e+20
4.21399e-03 2.38706e+20
4.34628e-03 2.52696e+20
4.48273e-03 2.68671e+20
4.62346e-03 2.85152e+20
4.76862e-03 3.02157e+20
4.91832e-03 3.19701e+20
5.07273e-03 3.39157e+20
5.23199e-03 3.60088e+20
5.39624e-03 3.81681e+20
5.56566e-03 4.03962e+20
5.74039e-03 4.27225e+20
5.92060e-03 4.53716e+20
6.10648e-03 4.81048e+20
6.29819e-03 5.09246e+20
6.49591e-03 5.38338e+20
6.69985e-03 5.70351e+20
6.91019e-03 6.04806e+20
7.12713e-03 6.40353e+20
7.35088e-03 6.77027e+20
7.58166e-03 7.15164e+20
7.81968e-03 7.58375e+20
8.06517e-03 8.02955e+20
8.31838e-03 8.48950e+20
8.57953e-03 8.96403e+20
8.84888e-03 9.48162e+20
9.12668e-03 1.00381e+21
9.41321e-03 1.06123e+21
9.70873e-03 1.12046e+21
1.00135e-02 1.18183e+21
1.03279e-02 1.25083e+21
1.06521e-02 1.32200e+21
1.09866e-02 1.39545e+21
1.13315e-02 1.47121e+21
1.16872e-02 1.55305e+21
1.20541e-02 1.64083e+21
1.24326e-02 1.73140e+21
1.28229e-02 1.82483e+21
1.32254e-02 1.92131e+21
1.36407e-02 2.02871e+21
1.40689e-02 2.13947e+21
1.45106e-02 2.25375e+21
1.49661e-02 2.37163e+21
1.54360e-02 2.49778e+21
1.59206e-02 2.63250e+21
1.64204e-02 2.77147e+21
1.69359e-02 2.91482e+21
1.74676e-02 3.06271e+21
1.80160e-02 3.22493e+21
1.85816e-02 3.39241e+21
1.91650e-02 3.56517e+21
1.97666e-02 3.74334e+21
2.03872e-02 3.93194e+21
2.10272e-02 4.13192e+21
2.16874e-02 4.33823e+21
2.23682e-02 4.55098e+21
2.30705e-02 4.77041e+21
2.37948e-02 5.00436e+21
2.45418e-02 5.24598e+21
2.53123e-02 5.49514e+21
2.61069e-02 5.75207e+21
2.69265e-02 6.01619e+21
2.77719e-02 6.28741e+21
2.86438e-02 6.56702e+21
2.95430e-02 6.85534e+21
3.04705e-02 7.15269e+21
3.14271e-02 7.42715e+21
3.24138e-02 7.70750e+21
3.34314e-02 7.99657e+21
3.44809e-02 8.29460e+21
3.55634e-02 8.55399e+21
3.66799e-02 8.75233e+21
3.78315e-02 8.95677e+21
3.90192e-02 9.16746e+21
4.02442e-02 9.38459e+21
4.15076e-02 9.38000e+21
4.28107e-02 9.34895e+21
4.41547e-02 9.31632e+21
4.55409e-02 9.27433e+21
4.69707e-02 9.10443e+21
4.84453e-02 8.72333e+21
4.99662e-02 8.33026e+21
5.15349e-02 7.92485e+21
5.31528e-02 7.50676e+21
5.48215e-02 6.94783e+21
5.65426e-02 6.35203e+21
5.83177e-02 5.73765e+21
6.01485e-02 5.10415e+21
6.20369e-02 4.50989e+21
6.39845e-02 4.00883e+21
6.59932e-02 3.49765e+21
6.80651e-02 2.97038e+21
7.02019e-02 2.42661e+21
7.24059e-02 2.10446e+21
7.46790e-02 1.81810e+21
7.70235e-02 1.52275e+21
7.94416e-02 1.21814e+21
8.19357e-02 9.68595e+20
8.45080e-02 8.46649e+20
8.71611e-02 7.20894e+20
8.98974e-02 5.91220e+20
9.27197e-02 4.57952e+20
9.56306e-02 3.89296e+20
9.86329e-02 3.34620e+20
1.01729e-01 2.78231e+20
1.04923e-01 2.20234e+20
1.08217e-01 1.70416e+20
1.11615e-01 1.43007e+20
1.15119e-01 1.14797e+20
1.18733e-01 8.57317e+19
1.22460e-01 5.57605e+19
1.26305e-01 4.28168e+19
1.30270e-01 3.45426e+19
1.34360e-01 2.60070e+19
1.38578e-01 1.72132e+19
1.42929e-01 1.01281e+19
1.47416e-01 8.31763e+18
1.52044e-01 6.46480e+18
1.56817e-01 4.55407e+18
1.61740e-01 2.58348e+18
1.66818e-01 1.79933e+18
1.72055e-01 1.40493e+18
1.77457e-01 1.00042e+18
1.83028e-01 5.83272e+17
1.88774e-01 2.45747e+17
1.94701e-01 1.96542e+17
2.00813e-01 1.46125e+17
2.07117e-01 9.40791e+16
2.13620e-01 4.04979e+16
2.20326e-01 2.18395e+16
2.27243e-01 1.67121e+16
2.34377e-01 1.14152e+16
2.41736e-01 5.96782e+15
2.49325e-01 1.48240e+15
2.57152e-01 1.16885e+15
2.65225e-01 8.44775e+14
2.73552e-01 5.11668e+14
2.82140e-01 1.68121e+14
2.90998e-01 5.28492e+13
3.00133e-01 3.99629e+13
3.09556e-01 2.67143e+13
3.19274e-01 1.30510e+13
3.29298e-01 1.49133e+12
3.39636e-01 1.16872e+12
3.50298e-01 8.36334e+11
3.61296e-01 4.93655e+11
3.72638e-01 1.40262e+11
3.84337e-01 1.73461e+10
3.96403e-01 1.30666e+10
4.08848e-01 0.00000e+00
4.21684e-01 0.00000e+00
4.34922e-01 0.00000e+00
4.48576e-01 0.00000e+00
4.62659e-01 0.00000e+00
4.77184e-01 0.00000e+00
4.92165e-01 0.00000e+00
5.07616e-01 0.00000e+00
5.23553e-01 0.00000e+00
5.39989e-01 0.00000e+00
5.56942e-01 0.00000e+00
5.74427e-01 0.00000e+00
5.92461e-01 0.00000e+00
6.11061e-01 0.00000e+00
6.30245e-01 0.00000e+00
6.50031e-01 0.00000e+00
6.70438e-01 0.00000e+00
6.91486e-01 0.00000e+00
7.13195e-01 0.00000e+00
7.35585e-01 0.00000e+00
7.58679e-01 0.00000e+00
7.82497e-01 0.00000e+00
8.07063e-01 0.00000e+00
8.32400e-01 0.00000e+00
8.58533e-01 0.00000e+00
8.85486e-01 0.00000e+00
9.13286e-01 0.00000e+00
9.41958e-01 0.00000e+00
9.71530e-01 0.00000e+00
1.00203e+00 0.00000e+00
1.03349e+00 0.00000e+00
1.06593e+00 0.00000e+00
1.09940e+00 0.00000e+00
1.13391e+00 0.00000e+00
1.16951e+00 0.00000e+00
1.20623e+00 0.00000e+00
1.24410e+00 0.00000e+00
1.28316e+00 0.00000e+00
1.32344e+00 0.00000e+00
1.36499e+00 0.00000e+00
1.40784e+00 0.00000e+00
1.45204e+00 0.00000e+00
1.49763e+00 0.00000e+00
1.54464e+00 0.00000e+00
1.59314e+00 0.00000e+00
1.64315e+00 0.00000e+00
1.69474e+00 0.00000e+00
1.74794e+00 0.00000e+00
1.80282e+00 0.00000e+00
1.85942e+00 0.00000e+00
1.91779e+00 0.00000e+00
1.97800e+00 0.00000e+00
2.04010e+00 0.00000e+00
2.10415e+00 0.00000e+00
2.17020e+00 0.00000e+00
2.23834e+00 0.00000e+00
2.30861e+00 0.00000e+00
2.38109e+00 0.00000e+00
2.45584e+00 0.00000e+00
2.53294e+00 0.00000e+00
2.61246e+00 0.00000e+00
2.69448e+00 0.00000e+00
2.77907e+00 0.00000e+00
2.86631e+00 0.00000e+00
2.95630e+00 0.00000e+00
3.04911e+00 0.00000e+00
3.14484e+00 0.00000e+00
3.24357e+00 0.00000e+00
3.34540e+00 0.00000e+00
3.45042e+00 0.00000e+00
3.55875e+00 0.00000e+00
3.67047e+00 0.00000e+00
3.78571e+00 0.00000e+00
3.90456e+00 0.00000e+00
4.02714e+00 0.00000e+00
4.15357e+00 0.00000e+00
4.28397e+00 0.00000e+00
4.41846e+00 0.00000e+00
4.55717e+00 0.00000e+00
4.70024e+00 0.00000e+00
4.84781e+00 0.00000e+00
5.00000e+00 0.00000e+00
